11 0 0,8
11 0 5
11 0 0,6
11 0 1,7
11 0 2,3
11 0 1,6
11 0 0,9
11 0 2
11 0 0,4
12 0 2,3
12 0 0,4
12 0 0,8
12 0 0,5
12 0 1,3
12 0 4,2
12 0 0,3
12 0 0,1
12 0 0,4
21 0 0,4
21 0 0,8
21 0 0,5
21 0 4,6
21 0 4,5
21 0 1,8
21 0 0,3
21 0 1,5
21 0 0,8
22 0 3,3
22 0 1,6
22 0 0,9
22 0 0,8
22 0 2,2
22 0 6,8
22 0 2,4
22 0 4,6
22 0 1,7
11 1 1,3
11 1 3
11 1 5,9
11 1 0,5
11 1 1,1
11 1 0,6
11 1 4,4
11 1 1,6
11 1 1,3
12 1 2,1
12 1 1,8
12 1 0,5
12 1 0,5
12 1 1,3
12 1 1,5
12 1 0,5
12 1 0,5
12 1 1,1
21 1 6,7
21 1 1,1
21 1 0,9
21 1 0,2
21 1 1,9
21 1 5,8
21 1 1,8
21 1 1
21 1 1,6
22 1 3,8
22 1 3,5
22 1 5,7
22 1 4,8
22 1 4,5
22 1 3,8
22 1 1,1
22 1 0,6
22 1 0,8