233463
237330
236569
226113
233707
239319
235462
245505
239066
245410
245066
239396
239695
226177
244483
246567
246553
239518
245148
240212
246178
237504
238454
236234
245949
231290
244980
246804
246763
237675
238958
236356
246276
228936
238160
239912
233456
237401
238144
233696
229355
233697
233700
237029
246865
245729
236360
240380
237409
237288
235201
246003
236161
229360
236443
241526
236150
246855
241541
238594
237400
237350
236281
235683
229101
245540
226466
235454
238457
236563
239692
238133
236814
233973
238460
233692
246851
245231
229106
226445
