245692
233972
230301
238091
245738
245829
239706
245452
233976
235423
246271
239701
239914
241069
237768
246424
236348
245145
238455
228948
230457
241152
237507
236968
237845
237364
236240
236238
245501
245453
226606
239728
233971
232914
237335
240256
241269
245345
236227
246583
246807
232916
225753
230452
238456
235721
237394
232993
225717
246805
225582
235714
233239
237286
237512
246182
239141
241288
246053
246949
237245
246994
233614
239402
238890
237259
237111
245411
235759
246864
236354
246151
245409
225315
241295
238583
240312
246181
245731
237710
