238604
239109
237115
235242
245439
233974
237969
245831
238145
245064
241257
237708
237796
236204
245543
239143
245146
246809
240610
246675
225310
241513
238470
226062
238154
234050
226595
236222
239025
241531
245683
246434
226217
245353
236395
233361
236246
240265
235346
228939
226572
228911
245775
238469
225762
226212
233978
246049
241056
240385
246217
239717
246648
225322
237056
236850
236972
246222
236453
246984
245554
235547
244918
236560
239061
226567
237791
237049
236965
246042
244626
233472
246001
226220
226085
245954
241354
226592
235890
245507
