236203
238136
225043
241361
241014
245544
241176
238399
240151
237291
245923
233627
240872
246808
246433
235888
239067
240860
226474
240864
225587
230098
236334
230323
225611
246870
240262
245346
238396
237678
240440
233912
226170
246115
239704
225603
226114
246759
230331
229431
241521
239116
245446
238400
235362
241268
241055
240072
240409
226599
238459
246428
240434
235345
226183
240412
235245
238966
240398
236151
225716
246982
240408
240427
237681
226546
246036
235380
236557
238429
245151
230678
246930
235886
236137
237948
241500
245068
238097
240406
