240204
238621
237676
228978
237847
241523
238962
237711
239859
228910
237514
239867
233448
240376
229409
241021
236462
233799
239409
237793
235893
241532
233708
237289
230158
236860
236244
241010
237945
246543
238472
238959
237705
235196
225710
225707
233716
240220
233613
241187
237707
245496
237787
240069
241075
244481
238964
246845
236862
241141
236446
233678
244364
246859
246755
234031
239696
225766
237061
239062
236242
233621
225589
241144
236556
237180
238896
237174
230143
246113
246575
236973
225705
245785
238184
230468
237515
246037
235203
234048
