240381
246639
245535
236558
233623
239719
238164
237844
233702
246568
237780
235383
244982
246012
244359
238187
235811
236349
245504
229104
245401
233837
237691
236158
244453
226603
246431
235685
230192
233233
236357
245752
245232
245542
240241
246847
238940
233169
244627
245700
241544
241261
236554
238458
233465
245347
238474
233059
233093
233116
246758
233718
245349
244628
240447
246945
237789
239057
230164
245259
246751
226601
235891
235347
246225
246760
238148
239864
237001
230697
246671
240392
237391
241222
236393
229433
226115
241245
246750
246871
