229416
235344
228935
237779
244617
235204
238139
229371
231321
240271
245233
238132
236541
246089
236821
235710
240201
240194
238607
238895
235892
238431
226111
235889
246757
245996
240411
246048
233828
245450
226533
240404
238432
245152
240394
226482
225763
237795
246495
230292
236359
233858
241396
239725
240196
233743
246765
246937
229942
233091
237396
235436
226535
246390
236386
246152
246220
241393
244418
235457
240183
241412
236565
236863
244411
226210
233232
236397
233720
245833
244983
225709
233721
225578
236816
239144
237842
238451
226500
240612
