233355
226167
239408
232975
226168
226061
239517
235809
232976
233676
246541
240291
241298
245144
236152
235342
245784
235455
240067
233612
245690
233714
241520
233471
225035
238612
237644
240391
238609
229107
245342
225309
230702
225314
225052
241146
238619
237943
230184
238401
238575
225051
226174
231315
225305
238576
241488
237244
246539
238433
236243
241150
239700
236147
244624
246863
228942
246008
238608
241503
239069
229386
236420
245256
246858
238394
246086
236233
238597
241481
239071
236456
240450
240389
244618
229389
237999
246766
238138
237251
225307
241494
241491
240292
237253
226544
246187
241054
228977
244917
238578
226558
236893
233675
241497
236285
236164
238570
226555
226444
236892
225768
230634
225586
239924
226175
237060
241484
238395
236062
240443
238889
233677
246928
238938
226557
233969
226559
238157
226563
225580
225579
225041
240880
226488
245702
235897
231319
236566
226545
246540
246052
237179
235895
240452
226484
226556
240875
226565
237670
240874
226560
226562
226566
225313
226564
225050
245545
226553
246185
240160
246810
225031
239068
236575
238398
245061
225576
238172
225037
236203
238136
225043
241361
241014
245544
241176
238399
240151
237291
245923
233627
240872
246808
246433
235888
239067
240860
226474
240864
225587
230098
236334
230323
225611
246870
240262
245346
238396
237678
240440
233912
226170
246115
239704
225603
226114
246759
230331
229431
241521
239116
245446
238400
235362
241268
241055
240072
240409
226599
238459
246428
240434
235345
226183
240412
235245
238966
240398
236151
225716
246982
240408
240427
237681
226546
246036
235380
236557
238429
245151
230678
246930
235886
236137
237948
241500
245068
238097
240406
229416
235344
228935
237779
244617
235204
238139
229371
231321
240271
245233
238132
236541
246089
236821
235710
240201
240194
238607
238895
235892
238431
226111
235889
246757
245996
240411
246048
233828
245450
226533
240404
238432
245152
240394
226482
225763
237795
246495
230292
236359
233858
241396
239725
240196
233743
246765
246937
229942
233091
237396
235436
226535
246390
236386
246152
246220
241393
244418
235457
240183
241412
236565
236863
244411
226210
233232
236397
233720
245833
244983
225709
233721
225578
236816
239144
237842
238451
226500
240612
236352
237713
235432
240382
236815
229410
240854
236813
240444
236866
238941
236564
233977
246487
226486
229376
226485
240845
237983
226489
235435
246844
228979
244421
225609
236353
225719
237982
236331
246846
236248
229398
226478
235459
245343
241263
226467
238147
237112
239407
236562
238140
233719
226481
225607
226225
233698
238606
236459
236444
233975
245253
240165
238073
236163
238131
226539
237502
237782
246991
236389
236284
226570
246948
235573
246942
230148
246676
245705
233686
230152
235841
226487
238170
235687
238129
226176
226605
237505
233242
233463
237330
236569
226113
233707
239319
235462
245505
239066
245410
245066
239396
239695
226177
244483
246567
246553
239518
245148
240212
246178
237504
238454
236234
245949
231290
244980
246804
246763
237675
238958
236356
246276
228936
238160
239912
233456
237401
238144
233696
229355
233697
233700
237029
246865
245729
236360
240380
237409
237288
235201
246003
236161
229360
236443
241526
236150
246855
241541
238594
237400
237350
236281
235683
229101
245540
226466
235454
238457
236563
239692
238133
236814
233973
238460
233692
246851
245231
229106
226445
240204
238621
237676
228978
237847
241523
238962
237711
239859
228910
237514
239867
233448
240376
229409
241021
236462
233799
239409
237793
235893
241532
233708
237289
230158
236860
236244
241010
237945
246543
238472
238959
237705
235196
225710
225707
233716
240220
233613
241187
237707
245496
237787
240069
241075
244481
238964
246845
236862
241141
236446
233678
244364
246859
246755
234031
239696
225766
237061
239062
236242
233621
225589
241144
236556
237180
238896
237174
230143
246113
246575
236973
225705
245785
238184
230468
237515
246037
235203
234048
240381
246639
245535
236558
233623
239719
238164
237844
233702
246568
237780
235383
244982
246012
244359
238187
235811
236349
245504
229104
245401
233837
237691
236158
244453
226603
246431
235685
230192
233233
236357
245752
245232
245542
240241
246847
238940
233169
244627
245700
241544
241261
236554
238458
233465
245347
238474
233059
233093
233116
246758
233718
245349
244628
240447
246945
237789
239057
230164
245259
246751
226601
235891
235347
246225
246760
238148
239864
237001
230697
246671
240392
237391
241222
236393
229433
226115
241245
246750
246871
241360
246391
229420
241267
239321
240263
241407
237645
246493
241047
235356
246392
236441
244355
235443
237342
237806
238939
237706
238159
234049
237698
245766
244340
230294
237356
236547
233120
238614
238142
237406
238610
246867
236824
237255
236822
240303
237408
236337
245396
244343
246806
233830
235896
244416
237368
233144
225757
245793
241542
225708
237978
237671
230299
235364
232977
245759
229423
236848
239519
237777
237684
240293
237765
238587
244619
238579
235684
236138
238176
238965
241001
236153
241196
238598
241032
236835
235450
237790
239058
245692
233972
230301
238091
245738
245829
239706
245452
233976
235423
246271
239701
239914
241069
237768
246424
236348
245145
238455
228948
230457
241152
237507
236968
237845
237364
236240
236238
245501
245453
226606
239728
233971
232914
237335
240256
241269
245345
236227
246583
246807
232916
225753
230452
238456
235721
237394
232993
225717
246805
225582
235714
233239
237286
237512
246182
239141
241288
246053
246949
237245
246994
233614
239402
238890
237259
237111
245411
235759
246864
236354
246151
245409
225315
241295
238583
240312
246181
245731
237710
238604
239109
237115
235242
245439
233974
237969
245831
238145
245064
241257
237708
237796
236204
245543
239143
245146
246809
240610
246675
225310
241513
238470
226062
238154
234050
226595
236222
239025
241531
245683
246434
226217
245353
236395
233361
236246
240265
235346
228939
226572
228911
245775
238469
225762
226212
233978
246049
241056
240385
246217
239717
246648
225322
237056
236850
236972
246222
236453
246984
245554
235547
244918
236560
239061
226567
237791
237049
236965
246042
244626
233472
246001
226220
226085
245954
241354
226592
235890
245507
237104
246148
245407
226548
237372
244377
239401
237699
238185
240274
245952
244482
239346
246989
238468
246272
246153
244480
236818
226496
238179
237051
245963
226490
246980
232986
246488
235813
226208
228943
236159
232995
235898
244542
244484
235226
234039
233172
233061
233020
244351
244531
244540
236969
240250
235694
233217
246087
235839
229245
