225307
241494
241491
240292
237253
226544
246187
241054
228977
244917
238578
226558
236893
233675
241497
236285
236164
238570
226555
226444
236892
225768
230634
225586
239924
226175
237060
241484
238395
236062
240443
238889
233677
246928
238938
226557
233969
226559
238157
226563
225580
225579
225041
240880
226488
245702
235897
231319
236566
226545
246540
246052
237179
235895
240452
226484
226556
240875
226565
237670
240874
226560
226562
226566
225313
226564
225050
245545
226553
246185
240160
246810
225031
239068
236575
238398
245061
225576
238172
225037
