236352
237713
235432
240382
236815
229410
240854
236813
240444
236866
238941
236564
233977
246487
226486
229376
226485
240845
237983
226489
235435
246844
228979
244421
225609
236353
225719
237982
236331
246846
236248
229398
226478
235459
245343
241263
226467
238147
237112
239407
236562
238140
233719
226481
225607
226225
233698
238606
236459
236444
233975
245253
240165
238073
236163
238131
226539
237502
237782
246991
236389
236284
226570
246948
235573
246942
230148
246676
245705
233686
230152
235841
226487
238170
235687
238129
226176
226605
237505
233242
