241360
246391
229420
241267
239321
240263
241407
237645
246493
241047
235356
246392
236441
244355
235443
237342
237806
238939
237706
238159
234049
237698
245766
244340
230294
237356
236547
233120
238614
238142
237406
238610
246867
236824
237255
236822
240303
237408
236337
245396
244343
246806
233830
235896
244416
237368
233144
225757
245793
241542
225708
237978
237671
230299
235364
232977
245759
229423
236848
239519
237777
237684
240293
237765
238587
244619
238579
235684
236138
238176
238965
241001
236153
241196
238598
241032
236835
235450
237790
239058
