233355
226167
239408
232975
226168
226061
239517
235809
232976
233676
246541
240291
241298
245144
236152
235342
245784
235455
240067
233612
245690
233714
241520
233471
225035
238612
237644
240391
238609
229107
245342
225309
230702
225314
225052
241146
238619
237943
230184
238401
238575
225051
226174
231315
225305
238576
241488
237244
246539
238433
236243
241150
239700
236147
244624
246863
228942
246008
238608
241503
239069
229386
236420
245256
246858
238394
246086
236233
238597
241481
239071
236456
240450
240389
244618
229389
237999
246766
238138
237251
