0 11 1 20341230.235113
0 11 2 12887196.112745
0 11 3 22692390.712887
0 11 4 31214447.950345
0 11 5 33497566.052445
0 11 6 29612130.370284
0 11 7 13585872.462064
0 11 8 15712089.741383
0 11 9 9559587.577133
0 12 1 33971184.707130
0 12 2 16835480.845803
0 12 3 20806763.307001
0 12 4 12317721.075103
0 12 5 19471923.414196
0 12 6 37095664.363138
0 12 7 12790419.696226
0 12 8 7003248.846843
0 12 9 9019665.998964
0 21 1 22770830.018531
0 21 2 27283814.409695
0 21 3 25484550.349866
0 21 4 57143223.746731
0 21 5 43072828.881976
0 21 6 23636574.700577
0 21 7 10075813.855936
0 21 8 20013743.062938
0 21 9 19622347.817398
0 22 1 53361229.658910
0 22 2 57125719.044306
0 22 3 8391812.062635
0 22 4 18737360.526181
0 22 5 25330650.204258
0 22 6 58430793.774951
0 22 7 29219107.711956
0 22 8 44886593.437293
0 22 9 18584682.575609
1 11 1 27871438.273730
1 11 2 25837666.576606
1 11 3 49669938.779876
1 11 4 15398394.562519
1 11 5 17330366.140792
1 11 6 22923484.625249
1 11 7 33648669.536112
1 11 8 19363755.679209
1 11 9 15089398.807317
1 12 1 36525650.492557
1 12 2 47266407.829263
1 12 3 13015927.997513
1 12 4 17697275.156625
1 12 5 21216883.973132
1 12 6 35003602.969193
1 12 7 14907989.090798
1 12 8 18502833.690842
1 12 9 14809896.054542
1 21 1 76821484.220584
1 21 2 30422706.564867
1 21 3 30536410.591079
1 21 4 36977977.547669
1 21 5 34427634.002206
1 21 6 57393148.787199
1 21 7 31566006.351032
1 21 8 20731444.604456
1 21 9 22604004.637433
1 22 1 53338497.917870
1 22 2 37572258.917490
1 22 3 59059399.059986
1 22 4 67367105.762021
1 22 5 41994230.609888
1 22 6 75720298.982507
1 22 7 32514266.779687
1 22 8 17927171.746560
1 22 9 18243757.656838