INSIDE 11 1 61289350.150316
INSIDE 11 2 36789717.746396
INSIDE 11 3 88522484.089738
INSIDE 11 4 104084687.332136
INSIDE 11 5 96920761.659914
INSIDE 11 6 93005991.518186
INSIDE 11 7 68950949.174816
INSIDE 11 8 71993230.578390
INSIDE 11 9 57323977.859336
INSIDE 12 1 80323687.798860
INSIDE 12 2 55411893.936750
INSIDE 12 3 76254497.476529
INSIDE 12 4 52784728.577042
INSIDE 12 5 90169764.712898
INSIDE 12 6 123268114.348554
INSIDE 12 7 74301625.589255
INSIDE 12 8 49127959.476145
INSIDE 12 9 56057834.170339
INSIDE 21 1 66199421.961773
INSIDE 21 2 84007498.035483
INSIDE 21 3 96992647.528877
INSIDE 21 4 154082986.692084
INSIDE 21 5 141378525.387463
INSIDE 21 6 119632618.471765
INSIDE 21 7 84232877.547655
INSIDE 21 8 107888315.738999
INSIDE 21 9 98771095.787971
INSIDE 22 1 130943515.501955
INSIDE 22 2 131216844.259528
INSIDE 22 3 92544049.596512
INSIDE 22 4 98242907.731299
INSIDE 22 5 131449897.414334
INSIDE 22 6 178870718.545767
INSIDE 22 7 153792974.588702
INSIDE 22 8 170380440.530435
INSIDE 22 9 101201493.461867
OUTSIDE 11 1 62906806.685900
OUTSIDE 11 2 60764568.010394
OUTSIDE 11 3 148185424.697748
OUTSIDE 11 4 45514147.163376
OUTSIDE 11 5 57318348.667028
OUTSIDE 11 6 76849588.610702
OUTSIDE 11 7 99854892.633911
OUTSIDE 11 8 62434069.910274
OUTSIDE 11 9 50787062.409560
OUTSIDE 12 1 96647168.588216
OUTSIDE 12 2 47266407.829263
OUTSIDE 12 3 38473334.796735
OUTSIDE 12 4 54508789.073545
OUTSIDE 12 5 69818062.007707
OUTSIDE 12 6 77835491.356828
OUTSIDE 12 7 54052911.843701
OUTSIDE 12 8 80606724.690243
OUTSIDE 12 9 50959065.208994
OUTSIDE 21 1 195105241.530556
OUTSIDE 21 2 76220938.084216
OUTSIDE 21 3 81841450.801392
OUTSIDE 21 4 99520275.428507
OUTSIDE 21 5 88575678.405136
OUTSIDE 21 6 183511585.175848
OUTSIDE 21 7 106283274.317177
OUTSIDE 21 8 79249976.274591
OUTSIDE 21 9 77223288.751523
OUTSIDE 22 1 118221510.483550
OUTSIDE 22 2 98130613.632738
OUTSIDE 22 3 121962491.117408
OUTSIDE 22 4 156328510.699726
OUTSIDE 22 5 100793798.716231
OUTSIDE 22 6 150529967.897634
OUTSIDE 22 7 99606696.460964
OUTSIDE 22 8 76166665.130179
OUTSIDE 22 9 84845998.122111