0 0 1 0.007372
0 0 2 0.011628
0 0 3 0.014048
0 0 4 0.086018
0 0 5 0.020393
0 0 6 0.032394
0 0 7 0.020906
0 0 8 0.025640
0 0 9 0.006294
1 0 1 0.012881
1 0 2 0.014805
1 0 3 0.026762
1 0 4 0.026407
1 0 5 0.024466
1 0 6 0.031064
1 0 7 0.014714
1 0 8 0.009718
1 0 9 0.008745
2 0 1 0.008253
2 0 2 0.016860
2 0 3 0.014138
2 0 4 0.027582
2 0 5 0.177212
2 0 6 0.023324
2 0 7 0.011026
2 0 8 0.013782
2 0 9 0.006753
3 0 1 0.012706
3 0 2 0.051384
3 0 3 0.214577
3 0 4 0.016810
3 0 5 0.034291
3 0 6 0.048542
3 0 7 0.011356
3 0 8 0.093949
3 0 9 0.011482
0 1 1 0.009924
0 1 2 0.062360
0 1 3 0.022018
0 1 4 0.018585
0 1 5 0.012033
0 1 6 0.020965
0 1 7 0.023201
0 1 8 0.022319
0 1 9 0.015672
1 1 1 0.017511
1 1 2 0.078164
1 1 3 0.015051
1 1 4 0.016180
1 1 5 0.030402
1 1 6 0.021817
1 1 7 0.013314
1 1 8 0.012872
1 1 9 0.015924
2 1 1 0.027752
2 1 2 0.032130
2 1 3 0.016293
2 1 4 0.047232
2 1 5 0.030945
2 1 6 0.066688
2 1 7 0.015390
2 1 8 0.043008
2 1 9 0.013125
3 1 1 0.021431
3 1 2 0.026988
3 1 3 0.021423
3 1 4 0.058238
3 1 5 0.039694
3 1 6 0.239298
3 1 7 0.024197
3 1 8 0.015300
3 1 9 0.011919