246997
246996
246955
246954
246874
246872
246819
246818
246812
246811
246769
246767
246679
246677
246597
246595
246498
246497
246436
246435
246395
246394
246279
246278
246239
246238
246237
246236
246231
246229
246190
246188
246158
246157
246117
246116
246092
246090
246067
246065
246016
246015
245966
245965
245928
245927
245836
245834
245801
245799
245710
245707
245565
245564
245563
245511
245509
245475
245474
245459
245457
245414
245412
245379
245378
245356
245354
245265
245263
245156
245153
245071
245069
244986
244984
244929
244928
244657
244656
244631
244629
244567
244566
244565
244564
244562
244560
244557
244555
244506
244505
244504
244490
244488
244430
244429
244426
244422
244388
244387
244380
244378
244181
244178
244024
244023
243991
243989
243905
243903
243816
243814
243486
243484
243483
243482
243402
243400
243094
243093
243043
243042
241619
241616
241547
241545
241420
241418
241364
241362
241301
241299
241083
241080
240883
240881
240616
240614
240455
240453
240339
240337
240078
240076
239930
239929
239886
239884
239742
239740
239422
239421
239420
239419
239413
239412
239383
239379
239355
239354
239329
239327
239282
239281
239147
239146
239120
239118
239074
239072
239000
238998
238969
238967
238946
238943
238899
238897
238835
238834
238645
238644
238643
238642
238635
238634
238633
238632
238483
238480
238436
238434
238404
238402
238365
238363
238351
238350
238258
238257
238191
238189
238102
238101
238004
238003
237985
237984
237953
237952
237926
237925
237851
237849
237848
237818
237817
237811
237810
237716
237715
237649
237647
237632
237631
237519
237517
237488
237487
237439
237437
237420
237419
237294
237292
237268
237266
237190
237188
237136
237135
237123
237122
237065
237064
237033
237031
237006
237005
236975
236974
236896
236895
236869
236867
236707
236705
236622
236621
236620
236619
236583
236581
236469
236467
236400
236398
236364
236362
236288
236286
236251
236250
236167
236166
236165
236087
236086
236078
236077
236066
236064
235901
235900
235843
235842
235815
235814
235763
235762
235725
235724
235649
235648
235647
235646
235576
235575
235556
235555
235465
235464
235248
235247
235208
235207
235147
235146
234377
234376
234375
234373
234371
234370
234052
234051
234000
233999
233980
233979
233862
233861
233843
233842
233804
233803
233745
233744
233723
233722
233631
233630
233369
233368
233244
233243
233148
233147
233122
233121
233102
233101
233032
233031
233000
232999
232918
232917
232900
232899
232887
232886
232782
232781
232663
232662
231298
231297
231296
230705
230704
230703
230472
230471
230103
230100
230094
230089
229571
229568
229437
229436
229435
229286
229285
229112
229110
228982
228981
228952
228951
228916
228915
227754
227752
227747
227746
227740
227739
227469
227468
227467
227466
227450
227449
227447
227445
227439
227438
227427
227426
227421
227419
227408
227407
227406
227405
227369
227368
227299
227297
227294
227293
227291
227290
227286
227285
227174
227171
227169
227168
226609
226608
226579
226577
226503
226502
226227
226226
226190
226189
226120
226119
226087
226086
226064
226063
225915
225913
225771
225770
225662
225661
225333
225331
225329
225328
225327
225326
225136
225132
224975
224974
224925
224924
224919
224918
224466
224465
224267
224266
224262
224261
223912
223911
223445
223444
223348
223347
223287
223285
223186
223185
222788
222787
222588
222587
222555
222554
222458
222456
222416
222415
222377
222376
221948
221944
221882
221881
219965
219964
218602
218601
218337
218336
218335
218334
217160
217159
217084
217082
217075
217070
216716
216715
216713
216712
215536
215534
215529
215528
215526
215525
215523
215521
215519
215517
215516
215515
215514
215513
215512
215511
215510
215509
215508
215507
215506
215505
212151
212150
211952
211951
211950
211948
211932
211931
210307
210306
209311
209310
209309
209308
209307
209305
209304
209303
209285
209284
209282
209281
209243
209242
209240