238988
219740
227435
222422
227551
222791
238982
234056
222427
220258
221595
239546
221503
229462
229915
235283
219308
223511
239552
237011
227828
244224
220139
237730
226301
236405
238977
239370
237871
235074
239990
221977
219737
226365
233750
239964
221504
219536
219683
225143
239969
221590
218942
228404
218966
219322
244198
239360
239891
235824
223485
239617
238985
221584
222602
231100
220141
221586
229292
239655
244217
227580
219634
246469
221501
230921
239899
222242
230934
227430
222420
231074
226234
221534
229596
221583
230953
220167
238983
235584
220208
220170
237872
221492
237608
221582
230533
244226
229297
226368
239207
221110
234061
240002
221888
229918
238248
219319
229483
222424
221499
229532
221585
230985
223473
244205
233529
229690
233385
221127
219635
219851
221511
221497
227574
227437
219017
228385
219628
219501
221955
219330
233818
233782
219048
222423
230419
227595
225125
221892
229675
222433
235281
222434
220160
220515
229289
235629
229660
230417
239558
231097
221927
230962
236639
233812
229545
235826
226296
222591
221581
233814
221520
223510
219756
239565
220805
236635
220206
239895
237873
222608
221519
222389
222428
239553
237877
227578
239972
231189
219496
236406
221896
239971
239970
231196
227577
239577
221963
229452
235079
234057
221507
227582
231054
226349
230948
230989
223472
230918
223479
221535
235083
222802
221087
221925
222475
221935
221080
221513
235626
221936
235650
223477
222476
227428
219491
222236
225122
237891
239973
236407
237015
221517
221933
223501
220200
229522
235287
218926
233386
221502
231192
239896
221975
231210
238978
222617
221889
224536
221930
227432
220799
223506
219734
227527
220188
234062
228391
222445
221587
238362
237620
231188
220915
231113
244204