246469
244226
244224
244217
244205
244204
244198
240002
239990
239973
239972
239971
239970
239969
239964
239899
239896
239895
239891
239655
239617
239577
239565
239558
239553
239552
239546
239370
239360
239207
238988
238985
238983
238982
238978
238977
238362
238248
237891
237877
237873
237872
237871
237730
237620
237608
237015
237011
236639
236635
236407
236406
236405
235826
235824
235650
235629
235626
235584
235287
235283
235281
235083
235079
235074
234062
234061
234057
234056
233818
233814
233812
233782
233750
233529
233386
233385
231210
231196
231192
231189
231188
231113
231100
231097
231074
231054
230989
230985
230962
230953
230948
230934
230921
230918
230533
230419
230417
229918
229915
229690
229675
229660
229596
229545
229532
229522
229483
229462
229452
229297
229292
229289
228404
228391
228385
227828
227595
227582
227580
227578
227577
227574
227551
227527
227437
227435
227432
227430
227428
226368
226365
226349
226301
226296
226234
225143
225125
225122
224536
223511
223510
223506
223501
223485
223479
223477
223473
223472
222802
222791
222617
222608
222602
222591
222476
222475
222445
222434
222433
222428
222427
222424
222423
222422
222420
222389
222242
222236
221977
221975
221963
221955
221936
221935
221933
221930
221927
221925
221896
221892
221889
221888
221595
221590
221587
221586
221585
221584
221583
221582
221581
221535
221534
221520
221519
221517
221513
221511
221507
221504
221503
221502
221501
221499
221497
221492
221127
221110
221087
221080
220915
220805
220799
220515
220258
220208
220206
220200
220188
220170
220167
220160
220141
220139
219851
219756
219740
219737
219734
219683
219635
219634
219628
219536
219501
219496
219491
219330
219322
219319
219308
219048
219017
218966
218942
218926