0 0 1 0.011380
0 0 2 0.013316
0 0 3 0.028525
0 0 4 0.191173
0 0 5 0.052558
0 0 6 0.054916
0 0 7 0.020364
0 0 8 0.024968
0 0 9 0.011634
1 0 1 0.030691
1 0 2 0.020478
1 0 3 0.029788
1 0 4 0.029376
1 0 5 0.022697
1 0 6 0.076976
1 0 7 0.018610
1 0 8 0.015643
1 0 9 0.014754
2 0 1 0.011865
2 0 2 0.032738
2 0 3 0.028451
2 0 4 0.030731
2 0 5 0.084379
2 0 6 0.028270
2 0 7 0.012780
2 0 8 0.021405
2 0 9 0.010903
3 0 1 0.023985
3 0 2 0.209055
3 0 3 0.096346
3 0 4 0.015699
3 0 5 0.099456
3 0 6 0.048320
3 0 7 0.012516
3 0 8 0.119099
3 0 9 0.014944
0 1 1 0.013980
0 1 2 0.046882
0 1 3 0.038730
0 1 4 0.034743
0 1 5 0.019555
0 1 6 0.031179
0 1 7 0.045859
0 1 8 0.016866
0 1 9 0.016726
1 1 1 0.031462
1 1 2 0.118081
1 1 3 0.024904
1 1 4 0.022374
1 1 5 0.025799
1 1 6 0.028428
1 1 7 0.017392
1 1 8 0.013216
1 1 9 0.060485
2 1 1 0.032215
2 1 2 0.024622
2 1 3 0.016343
2 1 4 0.028727
2 1 5 0.055622
2 1 6 0.060627
2 1 7 0.017559
2 1 8 0.019006
2 1 9 0.015440
3 1 1 0.044517
3 1 2 0.050996
3 1 3 0.028471
3 1 4 0.217235
3 1 5 0.045971
3 1 6 0.186891
3 1 7 0.030591
3 1 8 0.021967
3 1 9 0.010903