0 0 1 8.9
0 0 2 5.8
0 0 3 10.7
0 0 4 3.3
0 0 5 13.6
0 0 6 13.1
0 0 7 5.8
0 0 8 5.3
0 0 9 4.6
0 0 1 9.3
1 0 2 7.4
1 0 3 9
1 0 4 6.1
1 0 5 8.5
1 0 6 10.2
1 0 7 6.2
1 0 8 3.9
1 0 9 3.9
2 0 1 11.8
2 0 2 11.8
2 0 3 10.9
2 0 4 18.4
2 0 5 14.6
2 0 6 9.7
2 0 7 6.4
2 0 8 7.5
2 0 9 6.7
3 0 1 20.6
3 0 2 23.8
3 0 3 3.5
3 0 4 9.9
3 0 5 11.7
3 0 6 18.1
3 0 7 7.2
3 0 8 11.7
3 0 9 6.5
0 1 1 10.7
0 1 2 10.3
0 1 3 12.9
0 1 4 8
0 1 5 0.1
0 1 6 11.4
0 1 7 9.7
0 1 8 6
0 1 9 5.7
0 1 1 14.2
1 1 2 21.2
1 1 3 6.4
1 1 4 8.3
1 1 5 9.8
1 1 6 11.4
1 1 7 6
1 1 8 8.1
1 1 9 0.4
2 1 1 20.9
2 1 2 13.8
2 1 3 14
2 1 4 14.2
2 1 5 14
2 1 6 14.1
2 1 7 11.5
2 1 8 9.1
2 1 9 9
3 1 1 23.2
3 1 2 14.8
3 1 3 20.3
3 1 4 26
3 1 5 16.6
3 1 6 29.4
3 1 7 15.3
3 1 8 9.1
3 1 9 10