0 0 1 9.3
0 0 2 6.5
0 0 3 11.5
0 0 4 14.9
0 0 5 14.4
0 0 6 15.3
0 0 7 7.3
0 0 8 6.7
0 0 9 6.3
0 0 1 10
1 0 2 8.5
1 0 3 9.8
1 0 4 6.9
1 0 5 9.5
1 0 6 11.5
1 0 7 7
1 0 8 4.9
1 0 9 5.1
2 0 1 13.1
2 0 2 13.8
2 0 3 12.2
2 0 4 17.3
2 0 5 13.5
2 0 6 11.4
2 0 7 7.1
2 0 8 8.7
2 0 9 8.5
3 0 1 22
3 0 2 24.9
3 0 3 3.9
3 0 4 11.2
3 0 5 13.4
3 0 6 19.7
3 0 7 8.4
3 0 8 14.6
3 0 9 8
0 1 1 11.3
0 1 2 11.6
0 1 3 14.5
0 1 4 8.9
0 1 5 8
0 1 6 13.2
0 1 7 11.9
0 1 8 7
0 1 9 6.9
0 1 1 14.6
1 1 2 19.3
1 1 3 6.8
1 1 4 9
1 1 5 11.1
1 1 6 13.3
1 1 7 7.5
1 1 8 10.6
1 1 9 7.7
2 1 1 21.6
2 1 2 14.4
2 1 3 14.2
2 1 4 17.3
2 1 5 18
2 1 6 17.8
2 1 7 14.6
2 1 8 11.9
2 1 9 10.9
3 1 1 23.9
3 1 2 17.1
3 1 3 20.9
3 1 4 27.6
3 1 5 19.4
3 1 6 34.1
3 1 7 17.7
3 1 8 11.4
3 1 9 12.5