187364
179712
187919
188959
187914
179736
188276
184878
188329
187913
179743
188281
179742
189003
188285
179730
179294
192602
189002
191173
188273
191899
187591
184885
188980
179276
192029
179948
184880
179216
188311
173683
187357
188990
188296
189001
188955
192648
179717
188961
184890
179214
184481
192675
192633
184910
179740
179725
192658
179299
188987
188972
173632
184886
173633
189005
173631
188985
188286
184914
173634
173629
188973
179713
188287
186264
188338
184918
192040
191976
179747
179766
179280
192610
192646
189107
173602
179658
192585
179944
179943
179960
188997
192676
189004
184889
179950
180164
187359
192031
188964
188993
192038
173641
187587
188288
189542
192645
191975
179281
179758
188991
179746