243989
244562
245356
245542
245439
245152
243043
244340
244178
244560
244418
244480
243400
245071
244542
244566
244426
244555
245565
245729
244656
244359
245501
245801
244619
244377
245259
244421
245410
245509
244355
243484
245411
245349
245927
243814
243093
244481
245505
245683
245345
244627
244567
241616
245353
245766
245775
244631
241619
245450
243042
244505
244540
243486
245831
245414
244626
245543
244024
244343
245354
245265
245148
245412
245785
245700
245253
245069
244629
244387
243402
243094
