244928
244929
244984
244986
245069
245071
245153
245156
245263
245265
245354
245356
245378
245379
245412
245414
245457
245459
245474
245475
245509
245511
245563
245564
245565
245707
245710
245799
245801
245834
245836
245927
245928
245965
245966
246015
246016
245833
244983
245343
245253
245705
245505
245410
245066
245148
245949
244980
245729
246003
245540
245231
245496
245785
245535
244982
246012
245504
245401
245752
245232
245542
245700
245347
245349
245259
245766
245396
245793
245759
245692
245738
245829
245452
245145
245501
245453
245345
245411
245409
245731
245439
245831
245064
245543
245146
245683
245353
245775
245554
244918
246001
245954
245507
245407
245952
245963
