244483
245799
245833
245564
244929
244429
245409
244564
245474
245459
244416
245064
245738
245836
245066
245928
244388
244364
244628
245452
243903
245834
244380
245231
243991
244531
244023
244411
245705
245453
245952
245145
245232
245343
244918
245146
245504
244488
245554
244351
244982
245396
245263
244484
245347
243816
244430
245752
244482
245379
245829
244928
245949
245475
244983
244657
243482
245401
243905
245535
245731
245759
245457
245407
244565
244986
245378
244490
244984
244557
244181
245710
245507
245707
245156
245511
243483
245153
244980
244453
244422
245692
244378
244506
245793
245540
245496
243989
244562
245356
245542
245439
245152
243043
244340
244178
244560
244418
244480
243400
245071
244542
244566
244426
244555
245565
245729
244656
244359
245501
245801
244619
244377
245259
244421
245410
245509
244355
243484
245411
245349
245927
243814
243093
244481
245505
245683
245345
244627
244567
241616
245353
245766
245775
244631
241619
245450
243042
244505
244540
243486
245831
245414
244626
245543
244024
244343
245354
245265
245148
245412
245785
245700
245253
245069
244629
244387
243402
243094
