245952
245949
245833
245831
245829
245793
245785
245775
245766
245759
245752
245738
245731
245729
245705
245700
245692
245683
245554
245543
245542
245540
245535
245507
245505
245504
245501
245496
245453
245452
245450
245439
245411
245410
245409
245407
245401
245396
245353
245349
245347
245345
245343
245259
245253
245232
245231
245152
245148
245146
245145
245066
245064
244983
244982
244980
244918
244628
244627
244626
244619
244542
244540
244531
244484
244483
244482
244481
244480
244453
244421
244418
244416
244411
244377
244364
244359
244355
244351
244343
244340
