245928
245927
245836
245834
245801
245799
245710
245707
245565
245564
245511
245509
245475
245474
245459
245457
245414
245412
245379
245378
245356
245354
245265
245263
245156
245153
245071
245069
244986
244984
244929
244928
244657
244656
244631
244629
244567
244566
244565
244564
244562
244560
244557
244555
244506
244505
244490
244488
244430
244429
244426
244422
244388
244387
244380
244378
244181
244178
244024
244023
243991
243989
243905
243903
243816
243814
243486
243484
243483
243482
243402
243400
243094
243093
243043
243042
241619
241616
