245952
245949
245833
245831
245829
245793
245785
245775
245766
245759
245752
245738
245731
245729
245705
245700
245692
245683
245554
245543
245542
245540
245535
245507
245505
245504
245501
245496
245453
245452
245450
245439
245411
245410
245409
245407
245401
245396
245353
245349
245347
245345
245343
245259
245253
245232
245231
245152
245148
245146
245145
245066
245064
244983
244982
244980
244918
244628
244627
244626
244619
244542
244540
244531
244484
244483
244482
244481
244480
244453
244421
244418
244416
244411
244377
244364
244359
244355
244351
244343
244340
245928
245927
245836
245834
245801
245799
245710
245707
245565
245564
245511
245509
245475
245474
245459
245457
245414
245412
245379
245378
245356
245354
245265
245263
245156
245153
245071
245069
244986
244984
244929
244928
244657
244656
244631
244629
244567
244566
244565
244564
244562
244560
244557
244555
244506
244505
244490
244488
244430
244429
244426
244422
244388
244387
244380
244378
244181
244178
244024
244023
243991
243989
243905
243903
243816
243814
243486
243484
243483
243482
243402
243400
243094
243093
243043
243042
241619
241616
