187654
192141
193758
190818
185349
177400
186386
190303
190302
191307
191709
190424
185300
186843
178025
191521
190493
187633
177802
189344
180517
190683
192745
185362
185361
190304
190142
192747
177869
184126
188029
176715
185701
179678
193701
191083
189685
193188
185221
187560
188446
192511
191242
189647
183933
189605
190338
177180
187203
185350
191022
185368
185360
189402
177680
193193
179685
177580
180500
193339
185583
176849
191227
184132
191714
191121
190895
180039
185217
192813
184930
193153
193192
190407
180127
176929
184137
190821
177482
193184
191443
192242
185697
186690
192445
192816
177421
186602
180495
177678
179444
177477
185292
183935
193011
187698
191245
177118
177422
192724
180129
191340
185363
185699
185700
185371
180485
176661
185784
179569
177620
187149
183936
186208
190535
177492
185299
192468
177391
193141
179638
189246
191159
190968
191343
190379
184135
184127
176924
185775
186668
193750
191587
193194
187744
192136
190342
186165
192762
191337
191548
190819
187656
190389
193014
190419
183937
193148
191241
183934
193270
193759
185580
192120
190118
192166
184144
180552
190116
187624
184140
177182
190517
191344
191450
191376
177148
190296
189522
192542
191846
191329
185375
191718
180567
190844
192264
186969
190449
187434
184000
193049
192497
180510
192190
191745
185575
185302
193150
192202
184134
193079
185160
190417
188444
188101
193179
190113
191234
191485
185698
177942
191231
191222
185198
184138
191383
179603
177858
185475
192246
189693
185589
193236
189229
192125
184967
190325
186509
189608
184928
190341
186163
190240
190969
186007
192820
190685
193240
190299
193276
192531
190390
193005
191229
190110
190386
179803
186459
179585
189687
190870
185582
191996
192750
177155
185581
177597
180130
178062
191217
193766
178053
189183
190210
192510
180515
192709
190822
192824
190141
189650
177230
187487
180925
190425
180190
187787
193093
186164
177799
189526
180037
190984
186006
177074
183916
189698
177241
190413
180177
191447
191105
183913
187339
177233
190578
189400
177682
186387
179859
186365
192174
189623
192492
186938
186992
180562
190150
189658
187343
192128
192075
191248
189523
192453
191114
190117
177624
192775
186084
193187
189146
187337
193092
189407
192172
186205
186511
190337
184208
185206
190057
189641
185293
177864
192778
186079
184990
191451
187341
192067
190212
185768
190714
186853
190374
185569
179618
177446
177223
183938
178056
178031
186966
187150
187146
188028
178052
193097
187791
186389
180246
190216
187143
193760
185288
177601
190215
185164
184846
191232
192731
192499
186011
189694
185284
192194
190115
190237
188108
192117
189736
179584
190340
184784
185465
193094
189518
190540
176926
185467
192201
190206
193046
184987
184719
185296
193151
191554
188500
186815
186693
187697
187537
184687
190242
190214
191110
189611
190112
180000
176927
177073
184383
187785
180501
189316
190815
187486
190904
186319
189697
189576
190848
186009
192197
191592
184209
192548
190421
185764
184716
189612
192199
185116
187489
183942
190541
193007
193004
185359
188448
188025
180564
180644
188442
180189
177798
183946
192140
192447
189409
192471
187739
189410
176707
192779
177810
189351
189122
191527
189301
191549
192535
180158
192505
186082
185203
192772
177011
191539
189610
191848
185282
180561
185738
177932
188449
179621
192822
191593
188093
179796
191163
189659
190392
177295
180201
185695
185778
189699
186692
180200
177445
186932
180569
176710
190336
184188
184964
185208
177805
177938
193341
185132
190581
189347
187340
191244
192732
184673
185291
190521
184678
185351
188503
190414
189350
190235
182513
177049
190983
177671
189601
189729
192004
186937
186460
187202
190307
185461
180110
180131
186967
188447
190119
186939
176749
191388
193044
191751
192095
190301
191849
178058
180044
191448
190974
193156
190055
184938
189306
192119
186601
192708
186388
193051
192244
186845
184215
184371
189654
189696
186083
187439
193243
190585
176730
191224
184389
190147
176753
190330
184786
186003
185189
192171
178030
179604
185196
192729
190380
177072
189728
187796
189406
193155
189310
190451
177506
193274
189352
184147
193084
191585
187627
182509
193000
190239
177861
187562
180559
192707
190879
186167
186859
187151
190393
188443
191309
192073
190898
186814
190244
192205
186432
187753
180132
185126
192808
189642
180225
191576
191851
187510
187749
186689
192177
193297
185031
192003
192533
188499
186811
189616
190204
192192
189725
187435
186514
191719
193144
188362
187623
186688
193182
189231
191275
185687
191715
193189
190495
185029
191032
186990
186813
185356
192765
187783
188123
188027
191717
184183
190981
184933
192727
191599
184374
187488
179571
187561
190960
191380
179687
191551
192688
184968